export const corrLabels: string[] = [
  "SKYGOLD",
  "DEEDEV",
  "EFCIL",
  "VINCOFE",
  "WEBELSOLAR",
  "SUBROS",
  "AAPL",
  "MSFT",
];

export const corrMatrix: number[][] = [
  [1.0, 0.31, 0.28, 0.22, 0.35, 0.29, 0.18, 0.17],
  [0.31, 1.0, 0.42, 0.25, 0.58, 0.48, 0.21, 0.19],
  [0.28, 0.42, 1.0, 0.31, 0.38, 0.35, 0.24, 0.22],
  [0.22, 0.25, 0.31, 1.0, 0.27, 0.23, 0.31, 0.29],
  [0.35, 0.58, 0.38, 0.27, 1.0, 0.44, 0.26, 0.24],
  [0.29, 0.48, 0.35, 0.23, 0.44, 1.0, 0.22, 0.2],
  [0.18, 0.21, 0.24, 0.31, 0.26, 0.22, 1.0, 0.82],
  [0.17, 0.19, 0.22, 0.29, 0.24, 0.2, 0.82, 1.0],
];
